Example Query: image AND restoration
Result-Set: 359, 375

Example Query: deep AND learning
Result-Set: 24, 175, 177, 250, 254, 258, 267, 273, 279, 281, 333, 345, 346, 348, 352, 357, 358, 360, 362, 371, 374, 375, 380, 396, 397, 401, 404, 415, 421, 432

Example Query: autoencoders
Result-Set: 187, 273, 279, 325, 333, 405

Example Query: temporal AND deep AND learning
Result-Set: 279, 358, 373, 405

Example Query: time AND series
Result-Set: 40, 54, 110, 111, 112, 113, 158, 163, 173, 180, 181, 202, 220, 237, 238, 239, 240, 258, 277, 283, 295, 305, 350, 405, 421, 437, 438, 445

Example Query: time AND series AND classification
Result-Set: 40, 237, 283, 445

Example Query: time AND series OR classification
Result-Set: 4, 6, 9, 10, 16, 22, 24, 33, 34, 38, 40, 43, 45, 46, 49, 51, 54, 55, 56, 58, 59, 60, 63, 64, 66, 67, 71, 73, 75, 76, 77, 80, 84, 85, 94, 95, 98, 99, 106, 107, 110, 111, 112, 113, 120, 121, 122, 123, 125, 126, 128, 140, 143, 147, 158, 163, 164, 165, 167, 168, 169, 171, 173, 174, 175, 176, 177, 180, 181, 182, 187, 193, 197, 198, 202, 208, 210, 213, 215, 220, 228, 229, 234, 235, 236, 237, 238, 239, 240, 245, 247, 248, 249, 252, 256, 258, 259, 261, 265, 268, 272, 273, 277, 280, 283, 286, 287, 289, 295, 299, 302, 303, 305, 310, 313, 316, 317, 321, 327, 328, 334, 338, 341, 345, 348, 350, 352, 353, 354, 357, 363, 369, 371, 375, 377, 378, 382, 384, 385, 386, 387, 395, 397, 404, 405, 408, 420, 421, 424, 425, 427, 432, 437, 438, 439, 442, 445

Example Query: pattern
Result-Set: 9, 10, 18, 21, 23, 26, 30, 34, 40, 50, 73, 118, 126, 127, 139, 145, 148, 155, 180, 186, 189, 194, 201, 209, 214, 216, 230, 231, 234, 238, 279, 280, 288, 326, 343, 350, 351, 368, 369, 383, 394, 406, 412, 413, 424, 425, 429, 446, 447

Example Query: pattern AND clustering
Result-Set: 40, 73, 180, 216, 326, 350, 351, 413, 446

Example Query: pattern AND clustering AND heart
Result-Set: 73

Example Query: neural information /2
Result-Set: 26

Example Query: feature track /5
Result-Set: 13, 212


